Элемент массива                Время в миллисекундах          Количество операций
-1950326780                    31901                          15                            
1516236438                     5300                           16                            
1895693722                     5800                           20                            
-385008992                     7100                           22                            
-791737560                     4400                           15                            
-795473756                     3001                           12                            
-1482534546                    4600                           16                            
-1377625891                    4300                           20                            
-184606367                     4100                           18                            
-1919948214                    3700                           15                            
1052605869                     4200                           16                            
-1017175564                    4599                           15                            
1698473984                     5400                           30                            
1699812216                     4301                           21                            
1603988407                     4201                           20                            
153580502                      4200                           20                            
2035617270                     4000                           19                            
439501965                      3900                           17                            
-1497952838                    3600                           16                            
981299228                      5999                           16                            
244618602                      3300                           11                            
98844701                       4799                           26                            
817918760                      4299                           20                            
1758227749                     4301                           22                            
-2041261057                    3599                           15                            
-309611488                     4601                           21                            
357951545                      3600                           15                            
60033947                       4600                           22                            
879996888                      4400                           22                            
-1861425667                    4000                           17                            
1185879296                     5100                           21                            
282960009                      6499                           21                            
-1601353605                    6600                           18                            
1121181513                     4100                           16                            
-584233648                     4501                           21                            
187348221                      4701                           25                            
1771187793                     4000                           20                            
-1232912249                    17700                          17                            
-292706669                     4501                           16                            
525898651                      4699                           18                            
1190594627                     4301                           16                            
-1946909453                    4100                           18                            
-1918594400                    4000                           18                            
-53275992                      5500                           15                            
815963431                      4599                           19                            
1640286657                     4400                           15                            
470406970                      4000                           14                            
1768087811                     5900                           27                            
2112414565                     5100                           22                            
330213612                      4701                           13                            
206292024                      4600                           13                            
426107508                      5000                           20                            
1912670991                     5901                           25                            
545336046                      4900                           22                            
-325515468                     5999                           23                            
-43650668                      4601                           22                            
1788698136                     4300                           21                            
191365308                      3100                           10                            
-1375174443                    4000                           18                            
436046384                      3499                           16                            
-1037584208                    3200                           12                            
1204954381                     6699                           19                            
642397224                      4000                           18                            
2056862130                     4299                           23                            
229037253                      3099                           13                            
-528098368                     3700                           15                            
46896298                       3700                           17                            
272555224                      2999                           12                            
964518550                      3700                           17                            
-53275992                      3000                           15                            
-1917745529                    3500                           19                            
-745561908                     3700                           15                            
31861828                       4100                           21                            
-306570395                     4200                           18                            
-1581625380                    3100                           10                            
2045444135                     4500                           24                            
613175643                      3400                           12                            
1452745475                     3899                           19                            
-673893504                     3399                           11                            
110452893                      17900                          18                            
1744240783                     1100                           22                            
1365256428                     1000                           19                            
1963037994                     1000                           20                            
1197614695                     699                            15                            
-614427661                     900                            13                            
327557868                      800                            17                            
-1580072169                    700                            10                            
2129680616                     1101                           26                            
-720955345                     900                            17                            
-400091266                     1100                           19                            
1854812859                     800                            26                            
-316413002                     800                            13                            
-1519618696                    800                            22                            
-661895748                     1000                           12                            
-729063083                     600                            16                            
-322849505                     900                            22                            
-1013308222                    1200                           14                            
1201723761                     900                            18                            
138544575                      901                            22                            
-1093876176                    1200                           15                            
-1066704838                    900                            23                            
-2035374156                    1600                           14                            
571900866                      1600                           20                            
923044549                      1200                           18                            
-2062900687                    1400                           18                            
292602295                      1000                           17                            
-2063749121                    400                            15                            
251165155                      700                            14                            
1297463229                     800                            25                            
153449333                      901                            19                            
104135757                      899                            19                            
-851613432                     1100                           18                            
-66525109                      1000                           16                            
-1600536462                    899                            20                            
636916929                      899                            15                            
-811045869                     1300                           10                            
457475895                      800                            16                            
-14605374                      1300                           17                            
-1427593241                    1301                           15                            
1197772381                     801                            17                            
1378168488                     1700                           18                            
1360209692                     800                            15                            
1433238786                     999                            22                            
-538904658                     900                            16                            
-249713323                     800                            20                            
1184325991                     1400                           19                            
-1181128758                    1000                           15                            
1632874749                     2701                           22                            
325405504                      700                            14                            
251149721                      500                            13                            
32364548                       700                            22                            
-1644067428                    701                            15                            
-2136036481                    701                            13                            
-2076984033                    600                            16                            
1812242963                     600                            23                            
814040564                      800                            18                            
-369949413                     700                            15                            
16770965                       901                            21                            
-1743445838                    1101                           14                            
95803756                       800                            24                            
895014596                      1000                           26                            
-820129155                     801                            19                            
-912032350                     1000                           18                            
1508268130                     1000                           23                            
915029643                      700                            13                            
520407246                      800                            17                            
1931829745                     899                            21                            
477025144                      800                            17                            
-990530876                     900                            15                            
1103726131                     800                            17                            
-1766412419                    800                            16                            
1488514657                     800                            21                            
-1308847771                    1000                           19                            
-1906314851                    800                            18                            
-883450873                     800                            13                            
-1089670598                    800                            18                            
720789581                      1299                           19                            
-1555582134                    1400                           13                            
-256953708                     1300                           21                            
1659995729                     1101                           19                            
-1859828136                    1499                           11                            
-91154310                      800                            18                            
679536524                      1000                           19                            
-1570762340                    1200                           15                            
-1576696275                    1099                           16                            
1026505019                     1000                           17                            
-1315567036                    900                            17                            
1930586690                     700                            19                            
740470186                      1200                           13                            
-2135264155                    701                            14                            
1308882471                     1000                           16                            
484948476                      900                            19                            
-287645085                     900                            20                            
144975787                      1101                           22                            
-847254059                     1100                           14                            
-1351259241                    1300                           17                            
1356137151                     1301                           18                            
-422976953                     1099                           16                            
-910710317                     1600                           12                            
-1979407520                    1501                           12                            
-945611917                     1000                           19                            
-346541606                     1100                           18                            
17529814                       699                            22                            
1127722347                     1200                           23                            
284473658                      800                            19                            
1307657364                     1100                           15                            
-468462859                     800                            17                            
977731758                      1101                           17                            
2032805284                     1000                           22                            
1411574283                     800                            16                            
-945611917                     400                            19                            
1978055046                     800                            21                            
334814450                      800                            14                            
1345314826                     600                            19                            
-1766412419                    800                            16                            
1276568151                     900                            19                            
1226012756                     800                            18                            
-22416276                      1400                           17                            
1827684429                     800                            21                            
-1303912491                    700                            20                            
2039410924                     800                            20                            
950540342                      800                            13                            
1705697136                     1200                           25                            
362166513                      700                            17                            
1040078706                     800                            18                            
-1012355621                    600                            14                            
628402662                      800                            16                            
1159665976                     1100                           15                            
-1196013983                    1000                           20                            
-1439385355                    1000                           21                            
1874923738                     800                            16                            
1031607529                     800                            16                            
-1148427326                    1200                           21                            
-1194064218                    600                            18                            
-946430224                     500                            16                            
-1473081576                    1001                           15                            
998765982                      1000                           21                            
718237338                      699                            16                            
1223679897                     1000                           21                            
-552134088                     900                            16                            
616203768                      800                            16                            
397982491                      800                            17                            
2006798815                     901                            23                            
1916714910                     700                            27                            
1227145079                     500                            20                            
-1007825929                    800                            14                            
1028656603                     700                            14                            
-444678993                     701                            11                            
641278832                      901                            13                            
-1909977939                    700                            17                            
1500357806                     1000                           22                            
2107404783                     1000                           24                            
-1482068431                    800                            14                            
484948476                      500                            19                            
-182916792                     900                            20                            
900218329                      800                            13                            
-1237090667                    1000                           16                            
-1503864950                    800                            13                            
994265251                      600                            17                            
-574837706                     1100                           20                            
-73188558                      1000                           19                            
636916929                      600                            15                            
-1815411811                    699                            13                            
960941041                      700                            13                            
-1444619051                    600                            15                            
-1666026112                    1000                           17                            
-1488566915                    800                            15                            
-1618047018                    1000                           18                            
1639119831                     1300                           28                            
-602166218                     800                            15                            
1654971150                     901                            21                            
1613717889                     701                            18                            
-93529022                      700                            16                            
338899494                      700                            16                            
1159582974                     499                            18                            
1376989236                     10401                          21                            
543318581                      1099                           21                            
1712110076                     1000                           24                            
2025888787                     899                            19                            
2071343396                     700                            21                            
-788159776                     1000                           13                            
1650101951                     1000                           23                            
-160071366                     1099                           19                            
1161904951                     1000                           16                            
-1946554642                    1301                           10                            
-1711368962                    1000                           17                            
-552438037                     700                            16                            
-248094030                     1200                           20                            
598332148                      12801                          25                            
1997992371                     899                            21                            
-1756124548                    701                            15                            
-794373566                     1000                           12                            
-214628167                     600                            29                            
-860952840                     600                            10                            
403652451                      499                            16                            
1898558699                     600                            22                            
1205889937                     600                            19                            
-496016731                     600                            20                            
-1502103873                    400                            16                            
1734873003                     899                            23                            
1278877993                     600                            20                            
222078438                      800                            17                            
-417212470                     500                            19                            
-1633858785                    600                            17                            
-831084139                     800                            18                            
-742018712                     1000                           16                            
1659729888                     600                            18                            
-1206509381                    899                            17                            
55644474                       1200                           23                            
-998081913                     600                            12                            
-1492388491                    900                            12                            
-1665440599                    500                            18                            
-1756976622                    400                            13                            
-84916837                      500                            22                            
1729213415                     500                            19                            
-186112108                     800                            18                            
-244594101                     800                            24                            
1538610396                     900                            17                            
-2108009017                    1100                           9                             
-1532046177                    800                            15                            
2044080395                     1000                           26                            
1726604508                     600                            23                            
938049391                      900                            14                            
-11855737                      700                            20                            
-1310120061                    600                            21                            
-1134578544                    800                            18                            
1407443698                     899                            23                            
-1675943629                    800                            16                            
1757124336                     700                            22                            
-2120255890                    800                            15                            
-219608099                     501                            24                            
143466579                      700                            25                            
844166998                      1000                           15                            
190862814                      600                            8                             
1547120027                     899                            19                            
-1132337494                    600                            17                            
-144550752                     800                            18                            
-737242299                     900                            12                            
1008278232                     800                            14                            
1422288468                     499                            18                            
-1704457480                    600                            18                            
1379039704                     1000                           19                            
-768778795                     700                            16                            
957699214                      901                            18                            
934714586                      701                            19                            
-202236003                     700                            17                            
1281576935                     700                            19                            
-635483689                     701                            17                            
-1836681781                    600                            19                            
1383236702                     700                            18                            
-567183740                     700                            24                            
-1452031794                    499                            20                            
-1097112165                    901                            19                            
976891239                      700                            16                            
1274728769                     500                            17                            
113277506                      1501                           22                            
-926999021                     899                            12                            
-1039625812                    800                            14                            
1365255366                     700                            18                            
-1020157161                    600                            20                            
-516688706                     699                            18                            
201695692                      499                            13                            
1185879296                     500                            21                            
1908287280                     500                            20                            
-1839922686                    501                            19                            
-1106500307                    501                            18                            
156219797                      701                            21                            
-1556307416                    1700                           12                            
1368216771                     500                            15                            
563919923                      900                            18                            
-1170737666                    600                            16                            
-316322593                     1400                           14                            
-1376200506                    899                            19                            
-169767081                     800                            19                            
1243211363                     1000                           15                            
185933981                      1200                           27                            
454098849                      900                            15                            
1366857848                     700                            21                            
773950347                      1000                           13                            
1726604508                     1101                           23                            
-267907579                     901                            16                            
341556276                      1200                           17                            
-326003804                     900                            22                            
-1352419128                    900                            19                            
1952941898                     1100                           20                            
-710886473                     900                            15                            
1330835184                     800                            17                            
-997683942                     901                            9                             
-254502704                     499                            24                            
691743842                      900                            14                            
1954451930                     500                            23                            
-54221922                      800                            22                            
-2135714592                    800                            14                            
1641513260                     800                            18                            
823456024                      800                            15                            
-1666026112                    800                            17                            
1128225024                     800                            17                            
812884264                      700                            17                            
1060246511                     1000                           15                            
-335120415                     701                            20                            
139943284                      800                            20                            
-608974029                     600                            13                            
1544132795                     701                            17                            
-1727252765                    700                            15                            
-41164624                      1000                           24                            
35562702                       900                            22                            
-1537181469                    899                            18                            
367587549                      600                            16                            
-662548035                     900                            13                            
-477369197                     700                            17                            
1273326914                     1000                           19                            
-635483689                     600                            17                            
-2040735510                    901                            16                            
-697316942                     901                            14                            
-1454783197                    701                            21                            
622329233                      800                            17                            
-1427984391                    800                            13                            
-1543050103                    800                            15                            
1353695857                     1000                           17                            
380823440                      700                            18                            
-1964694851                    1100                           13                            
868382342                      900                            19                            
109705951                      700                            21                            
377339789                      700                            21                            
2048148947                     600                            26                            
-111685470                     800                            18                            
-1489401532                    1101                           13                            
-713707749                     600                            16                            
-722535309                     701                            19                            
483555543                      800                            18                            
362182011                      800                            18                            
-1733872635                    600                            12                            
420879651                      1299                           13                            
1985253254                     1000                           18                            
1330133937                     900                            20                            
1633280678                     2099                           21                            
-2080192445                    1500                           15                            
1963037994                     800                            20                            
-2044197115                    700                            11                            
-1846978617                    800                            13                            
-889220083                     1000                           15                            
-575653175                     1499                           18                            
847651366                      1000                           17                            
1322201345                     900                            15                            
-2114380811                    900                            13                            
-407503089                     700                            15                            
1518405242                     901                            15                            
1954198732                     600                            23                            
-118812043                     800                            24                            
1682454781                     800                            22                            
230247685                      1000                           14                            
897166287                      1299                           14                            
-591047800                     1200                           14                            
1499096498                     800                            22                            
122290888                      699                            18                            
178776360                      800                            21                            
773237647                      800                            22                            
1795545389                     899                            22                            
-1062506099                    600                            10                            
131849482                      600                            23                            
-1527332227                    1200                           19                            
1365511824                     1000                           21                            
-164542471                     500                            14                            
-2048243884                    800                            12                            
1401243877                     899                            20                            
-414781353                     700                            19                            
-1321502117                    900                            18                            
-794832586                     900                            13                            
-1428040124                    699                            17                            
-1472680954                    1200                           17                            
-593413274                     600                            14                            
627178774                      700                            10                            
476695648                      900                            20                            
-355430886                     700                            21                            
-1709814708                    699                            19                            
-1983092408                    901                            16                            
918704699                      700                            17                            
-1905649036                    800                            16                            
719662432                      800                            14                            
-396836361                     600                            15                            
307420990                      700                            14                            
-1529642860                    500                            19                            
-94252298                      1001                           17                            
-1254311659                    1200                           17                            
-1583362997                    800                            21                            
-440580351                     1000                           14                            
1333822110                     800                            22                            
-1733852475                    500                            13                            
-1030771308                    699                            15                            
1072576206                     1000                           17                            
-1645244422                    701                            11                            
-566654473                     600                            20                            
-1790888778                    600                            16                            
688326060                      1100                           18                            
525898651                      800                            18                            
1057223332                     600                            17                            
-1365981284                    700                            20                            
1496311768                     900                            21                            
-484615409                     900                            16                            
622329233                      600                            17                            
1837273718                     800                            24                            
-1888270550                    1300                           11                            
-2112584739                    600                            12                            
-109480454                     901                            22                            
1254865676                     800                            20                            
1037996170                     1100                           15                            
1423243036                     500                            20                            
-1322448875                    701                            17                            
993724853                      800                            19                            
-1253484369                    800                            16                            
1904228929                     1000                           21                            
-227917800                     700                            20                            
385160532                      800                            24                            
1968570799                     600                            23                            
-867363927                     900                            17                            
-957536892                     800                            13                            
-56120224                      600                            20                            
-1560070738                    800                            15                            
2065947365                     800                            18                            
-64677487                      400                            19                            
-4848827                       800                            21                            
949901091                      800                            16                            
1719328328                     800                            18                            
2135624538                     699                            26                            
-1134786827                    800                            16                            
-1460575846                    600                            17                            
55706559                       800                            20                            
1706827556                     700                            22                            
-543512491                     600                            15                            
-73886898                      699                            19                            
606571755                      901                            21                            
437996159                      800                            19                            
-232458405                     600                            26                            
1660592703                     600                            19                            
1471425974                     600                            18                            
-1264670172                    600                            15                            
1198882530                     1100                           17                            
-140165769                     1000                           18                            
592437691                      700                            22                            
-1907369925                    501                            17                            
-1860838821                    699                            16                            
788775585                      800                            15                            
1292484309                     500                            22                            
1163672948                     800                            15                            
-1495375170                    600                            12                            
192694182                      600                            9                             
-105452229                     600                            24                            
-514454266                     1000                           12                            
1990531113                     1000                           20                            
-528098368                     600                            15                            
42942129                       800                            20                            
-287651793                     600                            19                            
1395903813                     800                            18                            
1498202947                     500                            20                            
-91713410                      499                            16                            
-77444181                      600                            16                            
-1662246121                    800                            16                            
190862814                      600                            8                             
-429901028                     1000                           15                            
1930586690                     700                            19                            
-1443249514                    699                            19                            
-1893426129                    899                            20                            
1902367184                     700                            28                            
1823489194                     900                            26                            
283568674                      1200                           16                            
434943920                      699                            22                            
8101254                        600                            16                            
-114470259                     500                            20                            
1699812216                     499                            21                            
1352446350                     800                            17                            
1557298246                     1000                           21                            
-258761270                     600                            20                            
1343421100                     700                            17                            
-446608731                     700                            16                            
-475389693                     700                            18                            
-346541606                     699                            18                            
-355740329                     600                            21                            
-31727217                      600                            18                            
-308377009                     1000                           15                            
1796645484                     899                            24                            
1736800954                     1000                           20                            
-663733939                     1400                           20                            
-995272113                     400                            14                            
1865288009                     800                            27                            
-635801390                     600                            21                            
-166308541                     600                            11                            
1679212518                     701                            19                            
-73886898                      400                            19                            
1082546314                     800                            17                            
-325382811                     600                            19                            
-117013706                     400                            18                            
-807926821                     1100                           11                            
379625191                      1000                           24                            
-1517802303                    800                            19                            
-1686723908                    600                            17                            
-1454783197                    600                            21                            
-548452512                     700                            12                            
-1825225727                    600                            19                            
-2102688533                    800                            12                            
-1188496233                    899                            19                            
-635801390                     299                            21                            
-340520175                     600                            17                            
1766603243                     500                            25                            
656502079                      800                            18                            
110235221                      601                            21                            
1348975303                     699                            20                            
-2081716617                    700                            12                            
1209974419                     1600                           18                            
190862814                      600                            8                             
1249788350                     1101                           18                            
1638454015                     800                            26                            
1966429863                     800                            21                            
-1368031771                    600                            16                            
1497362765                     700                            22                            
190724508                      900                            31                            
907613139                      1101                           19                            
1172000587                     1200                           16                            
-1898026323                    900                            17                            
239799879                      800                            18                            
-1903336307                    699                            15                            
1197471843                     1000                           21                            
-1143893529                    600                            19                            
413020894                      700                            16                            
1506916798                     600                            24                            
-218374323                     899                            29                            
-437572177                     600                            14                            
1325492108                     800                            14                            
-1704695822                    800                            20                            
-1953381888                    1200                           12                            
1492778234                     699                            19                            
593142535                      1000                           20                            
944059064                      1000                           17                            
1945505948                     800                            28                            
897644999                      500                            15                            
80082679                       600                            24                            
-554618180                     1200                           14                            
1299936307                     500                            23                            
-583741481                     701                            17                            
258670306                      800                            20                            
1877501534                     600                            16                            
1027869168                     700                            21                            
1014967523                     699                            17                            
1625561798                     800                            19                            
742302688                      901                            15                            
807105570                      1099                           19                            
1873921673                     400                            15                            
1211976539                     800                            19                            
398608254                      699                            18                            
1448912184                     1399                           19                            
-721710123                     700                            19                            
-1757313676                    700                            16                            
-1145962403                    600                            18                            
591833055                      600                            19                            
2110213961                     900                            29                            
1106900140                     800                            15                            
-341174680                     1701                           16                            
1647888200                     501                            20                            
235382812                      701                            14                            
-658282004                     800                            14                            
967321920                      900                            19                            
1928468355                     900                            24                            
-1306680818                    1000                           21                            
-801146867                     1000                           13                            
617683624                      600                            14                            
-1822829870                    600                            17                            
58612287                       800                            22                            
882688339                      801                            20                            
1714589943                     600                            22                            
-677678156                     600                            17                            
43643865                       699                            23                            
-2030336714                    1299                           14                            
-1485711623                    1000                           13                            
-53743088                      1001                           25                            
1578976362                     900                            19                            
-514454266                     1000                           12                            
1876036896                     800                            17                            
-1100847300                    1400                           21                            
-1506935101                    600                            13                            
58784331                       599                            19                            
-487015421                     800                            19                            
-1355937905                    800                            14                            
-153935644                     901                            13                            
257940218                      600                            19                            
1305713375                     1000                           14                            
-2075511184                    500                            17                            
1370121689                     800                            18                            
825420768                      800                            17                            
-2007873146                    701                            17                            
327848375                      600                            19                            
-673479288                     1200                           14                            
-842135558                     1100                           16                            
-2072470494                    600                            16                            
-568568592                     800                            22                            
-232458405                     800                            26                            
-594120607                     700                            22                            
-167038399                     1099                           21                            
-271316030                     699                            22                            
-342797614                     700                            15                            
1164425930                     1000                           17                            
1380023527                     800                            21                            
1138905602                     699                            21                            
2047754842                     1400                           25                            
997400307                      900                            19                            
1278249537                     800                            22                            
596988047                      499                            22                            
573237408                      1299                           23                            
-790369848                     901                            15                            
1293601947                     600                            21                            
1017881252                     600                            16                            
-834104787                     701                            15                            
737720273                      800                            19                            
-1502167168                    600                            16                            
626307951                      700                            18                            
-1904752537                    701                            13                            
-1943494745                    701                            14                            
-1037545281                    800                            13                            
-1868727917                    499                            14                            
-630675491                     1000                           12                            
746411564                      800                            18                            
-946323455                     1000                           17                            
268934578                      1101                           17                            
1060246511                     901                            15                            
2022689703                     899                            19                            
2036847684                     700                            21                            
-1966481911                    1500                           14                            
-224811976                     899                            25                            
1522882544                     700                            17                            
1332718071                     900                            18                            
-408509323                     700                            16                            
481604280                      800                            16                            
-889220083                     1000                           15                            
-47439867                      800                            19                            
-2130545197                    900                            11                            
-1807988478                    701                            16                            
-834104787                     400                            15                            
1405750049                     600                            22                            
1623833205                     800                            21                            
1247568009                     700                            17                            
1402046507                     400                            19                            
1995658349                     1000                           20                            
-2139162729                    1000                           11                            
1253435771                     500                            19                            
-877042626                     901                            18                            
-1426959973                    1099                           17                            
164701523                      1000                           25                            
427496248                      600                            17                            
1169848356                     700                            18                            
-74958058                      600                            17                            
-912435145                     900                            17                            
1880438257                     499                            16                            
1951630073                     600                            18                            
-1808516028                    500                            20                            
1095769696                     900                            23                            
-1433127574                    800                            22                            
1836870347                     899                            26                            
-452114044                     499                            13                            
1707347275                     799                            23                            
1546520096                     800                            18                            
1496195704                     699                            20                            
-2050450347                    800                            12                            
443229729                      799                            15                            
-203978751                     600                            14                            
1820871848                     600                            25                            
-1427927991                    400                            14                            
2083669491                     899                            22                            
-1209990419                    899                            14                            
-910710317                     500                            12                            
-750467461                     800                            13                            
-455144017                     700                            23                            
-1824535389                    600                            15                            
113277506                      800                            22                            
-726157863                     500                            17                            
-536221643                     600                            11                            
-669201643                     600                            15                            
2112414565                     800                            22                            
2071448497                     699                            22                            
-904288160                     600                            13                            
1626072506                     700                            22                            
769823772                      800                            18                            
264771338                      600                            13                            
-470029804                     800                            21                            
-946530924                     600                            14                            
-1301611273                    699                            17                            
1973698172                     600                            20                            
-2115475701                    700                            11                            
1463368347                     800                            18                            
241084241                      1000                           20                            
1671570315                     800                            23                            
1261344676                     700                            18                            
-1631838371                    900                            15                            
-1142666597                    700                            23                            
827254277                      900                            18                            
-465691500                     1000                           18                            
548579986                      1200                           17                            
-148548417                     800                            17                            
-1264803493                    701                            14                            
1914010980                     900                            27                            
25643                          700                            22                            
52749618                       800                            19                            
859927425                      700                            25                            
-256953708                     701                            21                            
-769333970                     699                            13                            
-1996115272                    700                            9                             
556899377                      600                            21                            
-1423886923                    501                            16                            
-555045896                     800                            13                            
1819959121                     500                            23                            
-582891604                     700                            19                            
-1118446101                    701                            13                            
726197028                      800                            16                            
288125704                      700                            14                            
1554664915                     900                            20                            
389729555                      4099                           20                            
894444038                      1300                           26                            
-161486826                     1400                           15                            
-1141997052                    1100                           19                            
2121856374                     1200                           29                            
2095576856                     901                            24                            
1644884271                     600                            18                            
2034835827                     899                            24                            
684377434                      700                            12                            
-1382042802                    700                            16                            
-796550803                     701                            12                            
-341174680                     699                            16                            
-1611341044                    899                            14                            
-23287730                      900                            18                            
-1267571435                    700                            16                            
446454182                      899                            16                            
-1026678720                    899                            19                            
-1565660101                    900                            14                            
895014596                      600                            26                            
817283514                      701                            19                            
-481256969                     901                            18                            
1331364024                     899                            20                            
-1046451097                    1300                           14                            
1836599911                     900                            25                            
531025610                      800                            20                            
-1135812109                    600                            15                            
1472015192                     1100                           21                            
1263619338                     800                            21                            
-400091266                     1000                           19                            
-971992522                     1200                           16                            
1480805582                     700                            21                            
-1412764247                    900                            14                            
-1416857477                    701                            17                            
-920301475                     1000                           12                            
358583689                      1000                           18                            
-677678156                     699                            17                            
-2096461474                    901                            14                            
812884264                      400                            17                            
-1687859544                    1400                           16                            
993566058                      1200                           17                            
443709796                      501                            13                            
171472195                      1000                           23                            
1768309947                     700                            24                            
-1353670390                    800                            14                            
985752920                      700                            18                            
-769333970                     800                            13                            
342858336                      701                            14                            
603798206                      700                            21                            
688326060                      800                            18                            
-788185518                     600                            12                            
346068460                      500                            15                            
-2050045911                    1301                           13                            
-1793504043                    999                            16                            
167549070                      600                            21                            
-455009515                     700                            10                            
147773743                      699                            28                            
2083669491                     600                            22                            
1492778234                     700                            19                            
-113984079                     800                            21                            
-766934199                     499                            15                            
2096225403                     701                            25                            
683108469                      700                            22                            
-369599218                     600                            17                            
241062064                      800                            20                            
-743197001                     701                            15                            
839258019                      699                            18                            
-1046756238                    400                            13                            
-1461088201                    900                            15                            
-722769953                     600                            16                            
1288638684                     701                            23                            
772805317                      700                            21                            
-1804902367                    900                            18                            
916822839                      1000                           17                            
-1286884198                    800                            20                            
-1786473541                    699                            15                            
-45717945                      900                            21                            
-489654937                     700                            18                            
965466868                      700                            15                            
-1886658677                    699                            12                            
639121601                      700                            13                            
789465778                      1000                           17                            
-1062588861                    2200                           9                             
1039894517                     1600                           17                            
-1842587130                    1400                           14                            
1292556987                     1100                           19                            
-1474269794                    1200                           14                            
797152925                      600                            21                            
325891064                      1200                           16                            
-114717699                     1200                           18                            
774717704                      1200                           15                            
1375167920                     1100                           18                            
599683953                      800                            18                            
712539038                      899                            22                            
577613125                      701                            18                            
-1250690740                    1200                           19                            
-1063191730                    699                            8                             
-861586582                     1600                           19                            
967321920                      501                            19                            
-1609007370                    1800                           15                            
-1400263174                    1301                           15                            
137377070                      1200                           19                            
-2073902820                    1200                           12                            
2064831495                     1400                           19                            
-1626519806                    1300                           14                            
-10300915                      1000                           20                            
-172173914                     800                            19                            
-1405138678                    700                            13                            
-1659370757                    800                            21                            
-1558124413                    800                            13                            
-2080192445                    699                            15                            
1549902575                     1200                           20                            
-1502103873                    700                            16                            
834896662                      1100                           16                            
834004791                      500                            17                            
1781316844                     900                            22                            
-48950108                      600                            19                            
269449974                      901                            19                            
173388484                      699                            25                            
104919916                      1101                           17                            
2065947365                     600                            18                            
-1307685040                    800                            20                            
877050974                      800                            22                            
1178540749                     1200                           18                            
960941041                      700                            13                            
-1144620264                    800                            19                            
-2124496325                    800                            12                            
-1699280397                    800                            13                            
2111279596                     701                            21                            
-346525040                     1100                           18                            
-838723                        800                            23                            
-328331574                     700                            19                            
1772257377                     699                            21                            
1134137465                     800                            17                            
-642191163                     800                            17                            
-1267571435                    700                            16                            
-771950492                     700                            14                            
-1662589455                    700                            15                            
-953450172                     800                            17                            
-137494003                     601                            19                            
2097152516                     899                            28                            
-1953529524                    900                            12                            
961176050                      500                            14                            
-998026897                     600                            12                            
-437660903                     1701                           15                            
2141536292                     899                            31                            
745979717                      1100                           17                            
-1308847771                    400                            19                            
1453024511                     1101                           20                            
-645049670                     501                            18                            
-2050495184                    901                            11                            
-306272388                     1000                           14                            
1187775382                     1000                           17                            
1387762033                     800                            20                            
-1547360671                    700                            14                            
-2041261057                    600                            15                            
532129128                      899                            18                            
1426795330                     700                            23                            
2142741384                     600                            28                            
307439355                      700                            14                            
-224811976                     700                            25                            
332604011                      699                            14                            
-1205114807                    799                            13                            
38132604                       1100                           19                            
1677864401                     700                            21                            
489241897                      800                            22                            
95970090                       899                            25                            
906659929                      700                            18                            
1770556422                     600                            20                            
-1953181438                    501                            13                            
-1983647264                    901                            15                            
537695152                      400                            21                            
1667015385                     600                            20                            
-473158397                     800                            17                            
43322723                       400                            21                            
-118653624                     600                            16                            
-144550752                     600                            18                            
-945611917                     800                            19                            
1511579634                     800                            28                            
-1312516520                    500                            19                            
-977695231                     700                            14                            
-1346564964                    600                            20                            
294055082                      699                            18                            
740313763                      600                            24                            
-1737347723                    1100                           19                            
-1831612804                    699                            17                            
-1294211420                    699                            22                            
-1608203985                    500                            19                            
-43623848                      600                            23                            
694464416                      700                            13                            
985124762                      699                            17                            
-1464963452                    599                            18                            
420202037                      1000                           20                            
346026457                      600                            19                            
-1369804656                    600                            16                            
1554219937                     699                            18                            
1862870552                     900                            25                            
1172114070                     500                            15                            
-2115475701                    600                            11                            
-1051321472                    699                            11                            
-1973419413                    800                            15                            
1910339525                     800                            20                            
-1917597678                    600                            19                            
-1474055357                    500                            15                            
-184447496                     701                            15                            
-1796422501                    699                            12                            
208333616                      800                            12                            
-1035156309                    700                            16                            
1726598882                     699                            23                            
Среднее время удаления: 1188.384         Среднее кол-во операций при удалении: 17.853
